0000000000000000000000000000000000000
0099999999999999900000000000000000000
0099999999999999900000000000000000000
0099000099000000000000000000000000000
0099000099009900000000000000000000000
0099000099009900000000000000000000000
0099000000009900000000000000000000000
0099000000009900000009999999990000000
0099000000009900000009999999999000000
0099900000009900000009000000000000000
0099000000009900000009000000000000000
0099000000009900000009000000000000000
0099999999999999999999000000000000000
0099999999999999999990000000000000000
0000000000000000000000000000000000000
